* Banaszak	Lolita	f	BPHKPLPKXXX	PL61123400110011000012300678	16/12/2016	0123456789
 1 10 23 30 38   2 4
 9 24 26 33 40   2 6
 8 14 26 33 47   4 9
 7 12 15 16 30   1 2
 6 14 20 27 28   1 7
* deHooi	Kevin	m	ALBPPLPWXXX	PL61123456780002200022346678	6/12/2016	0123456789
 7 13 21 37 41   1 6
 3  6 23 40 41   3 8
 6 17 23 24 35   5 10
15 30 33 34 37   5 7
 6  7  8 26 34   4 10
 8 10 15 25 31   3 4
* Burak		Helena	F	WBKPPLPPXXX	PL62123456780001100011345611	28/11/2016	0123456789
 2  5 16 18 37	 3 9
 8 10 28 40 43   4 6
24 25 29 31 34   4 7
* Pawlik		Pamela	F	POLUPLPRXXX	PL63123456780000000012345678	24/11/2016	0123456789
 1  2 15 33 43   4 5
 9 13 17 21 29   4 7
10 14 18 27 38   3 4
 3  5  6 18 24   2 4
* Mielnus	Katarzyna	F	CITIPLPXXXX	PL64123456003333000012345600	2/12/2016	0123456789
10 24 27 31 41   4 6 
12 23 38 42 46   4 9
 4  5 23 32 39   4 5
 6  9 10 16 28   3 4
 4 10 23 27 28   3 9
 2  8 17 31 36   2 4
15 17 26 29 32   4 7
* Piernik	Marcin	M	BIGBPLPWXXX	PL65123456780000444412300678	4/12/2016	0123456789
27 29 40 43 44   4 9
 7 15 32 37 29   2 4
* Anderson	Pamela	f	DEUTPLPXXXX	PL67123456784444000010045678	1/5/2016	0123456789
 17  24  23  29  36    2 4
 14  46  44   9  24    7 8
 26  27  46   3  13    5 6
 23  43  17  44  10    6 9
 37  27  48   8  18    5 10
 45   9   4  24  12    2 3
 21  40  48  47   1    3 5
  9  48  45  12  46    1 4
* Lopez	Jennifer	f	DEUTPLPXXXX	PL67123456780000333312345678	21/12/2016	0123456789
 32  14  45  38  37    1 5
 41  16  25  46  34    4 8
  5  31  21  29  22    1 3
  4  40  17   6  37    2 9
  5  31  21  29  22    1 8
 41  16  25  46  34    4 9
* Krupa	Joanna	f	RCBWPLPWXXX	PL56123456780000000012345000	19/11/2016	0123456789
 32  14  45  38  37    1 7
* Mucha	Anna	f	INGBPLPWXXX	PL54123456780000222212300078	12/10/2016	0123456789
  9  48  45  12  46    1 4
 21  40  48  47   1    3 5
 45   9   4  24  12    2 8
 37  27  48   8  18    5 9
 23  43  17  44  10    6 10
 26  27  46   3  13    5 6
 14  46  44   9  24    7 9
* Zeta-Jones	Catherine	f	RCBWPLPWXXX	PL47123456780000111100005678	27/9/2016	0123456789
 17  24  23  29  36    2 4
 48  49   6   7  19    4 5
 16  15  37  44  28    3 5
 49  47  23  46  24    3 7
* Moore	Demi	F	RCBWPLPWXXX	PL47123456782222000008765432	2/9/2016	0123456789
 22  44  40  33   7    3 10
  8   1  31   4  17    2 8
 13  29  38  33   6    1 9
 47  13   3  31  16    3 6
 34  11  20  29  49    6 8
 25   8  44  22  10    2 6
* Brosnan	Pierce	m   RCBWPLPWXXX	PL47876543211111000012345678	9/8/2016	0123456789  
 17  39  40  27  25    1 8
 25  49   4  47  29    1 6
 29   4  12  27  25    1 7